[mp]
is_active=1
program_name=mp_clg_planner
robot_name=1

[ecp_irp6p_m]
is_active=1
program_name=ecp_clg_planner

[edp_irp6p_m]
is_active=1
velocity_limit_global_factor=1.0
robot_test_mode=1
force_sensor_test_mode=1
servo_tryb=1

force_0=1
force_1=1
force_2=1
force_3=1
force_4=1
force_5=1

preset_position_0=0.000000 -1.570000 0.000000 1.560000 1.570000 -1.570000 0.074000 0.000000
preset_position_1=0.207 -1.143 -0.382 -0.112 4.65 -1.349
preset_position_2=1.077 -1.201 -0.185 -0.191 4.684 1.132

[ecp_irp6ot_m]
is_active=0
program_name=ecp_clg_planner

[edp_irp6ot_m]
is_active=0
velocity_limit_global_factor=1.0
robot_test_mode=0
force_sensor_test_mode=0
servo_tryb=1

force_0=1
force_1=1
force_2=1
force_3=1
force_4=1
force_5=1

preset_position_0=0.000000 -1.570000 0.000000 1.560000 1.570000 -1.570000 0.074000 0.000000
preset_position_1=0.207 -1.143 -0.382 -0.112 4.65 -1.349
preset_position_2=1.077 -1.201 -0.185 -0.191 4.684 1.132

[mp_clg_planner]
clg_port=8082